Obs \ For   2.5   5.0   7.5  10.0  12.5  15.0  20.0  30.0  40.0  Row_Sum
---------  ----  ----  ----  ----  ----  ----  ----  ----  ----  -------
      2.5     0     0     0     0     0     0     0     0     0        0
      5.0     0     1     1     0     0     0     0     0     0        2
      7.5     0     0    18    25     2     0     0     0     0       45
     10.0     0     0     3    57    14     1     0     0     0       75
     12.5     0     0     0    18    49     8     0     0     0       75
     15.0     0     0     1     3    23    33     6     0     0       66
     20.0     0     0     0     0     6     9    20     0     0       35
     30.0     0     0     0     0     0     1     5     0     0        6
     40.0     0     0     0     0     0     0     0     0     0        0
  Col_Sum     0     1    23   103    94    52    31     0     0      304
